channels:
  - conda-forge
  - bioconda
  - defaults

dependencies:
  - _libgcc_mutex=0.1=conda_forge
  - _openmp_mutex=4.5=1_gnu
  - alsa-lib=1.2.3=h516909a_0
  - blast=2.12.0=hf3cf87c_4
  - bmfilter=3.101=hc9558a2_3
  - bmtagger=3.101=h470a237_4
  - bmtool=3.101=he1b5a44_3
  - bowtie2=2.4.5=py39hd2f7db1_2
  - bzip2=1.0.8=h7f98852_4
  - c-ares=1.18.1=h7f98852_0
  - ca-certificates=2021.10.8=ha878542_0
  - cairo=1.16.0=h6cf1ce9_1008
  - curl=7.82.0=h7bff187_0
  - entrez-direct=16.2=he881be0_0
  - expat=2.4.7=h27087fc_0
  - extract_fullseq=3.101=3
  - fastqc=0.11.9=hdfd78af_1
  - font-ttf-dejavu-sans-mono=2.37=hab24e00_0
  - fontconfig=2.13.96=h8e229c2_2
  - freetype=2.10.4=h0708190_1
  - gettext=0.19.8.1=h73d1719_1008
  - giflib=5.2.1=h36c2ea0_2
  - graphite2=1.3.13=h58526e2_1001
  - harfbuzz=2.9.1=h83ec7ef_1
  - htslib=1.15=h9753748_0
  - icu=68.2=h9c3ff4c_0
  - jbig=2.1=h7f98852_2003
  - jpeg=9e=h7f98852_0
  - keyutils=1.6.1=h166bdaf_0
  - kneaddata=0.7.4=pyh864c0ab_1
  - krb5=1.19.3=h3790be6_0
  - lcms2=2.12=hddcbb42_0
  - ld_impl_linux-64=2.36.1=hea4e1c9_2
  - lerc=3.0=h9c3ff4c_0
  - libcurl=7.82.0=h7bff187_0
  - libdeflate=1.10=h7f98852_0
  - libedit=3.1.20191231=he28a2e2_2
  - libev=4.33=h516909a_1
  - libffi=3.4.2=h7f98852_5
  - libgcc-ng=11.2.0=h1d223b6_14
  - libglib=2.70.2=h174f98d_4
  - libgomp=11.2.0=h1d223b6_14
  - libiconv=1.16=h516909a_0
  - libnghttp2=1.47.0=h727a467_0
  - libnsl=2.0.0=h7f98852_0
  - libpng=1.6.37=h21135ba_2
  - libssh2=1.10.0=ha56f1ee_2
  - libstdcxx-ng=11.2.0=he4da1e4_14
  - libtiff=4.3.0=h542a066_3
  - libuuid=2.32.1=h7f98852_1000
  - libwebp-base=1.2.2=h7f98852_1
  - libxcb=1.13=h7f98852_1004
  - libzlib=1.2.11=h36c2ea0_1013
  - lz4-c=1.9.3=h9c3ff4c_1
  - ncurses=6.3=h9c3ff4c_0
  - openjdk=11.0.9.1=h5cc2fde_1
  - openssl=1.1.1l=h7f98852_0
  - pcre=8.45=h9c3ff4c_0
  - perl=5.32.1=2_h7f98852_perl5
  - perl-archive-tar=2.40=pl5321hdfd78af_0
  - perl-carp=1.50=pl5321hd8ed1ab_0
  - perl-common-sense=3.75=pl5321hdfd78af_0
  - perl-compress-raw-bzip2=2.101=pl5321h87f3376_1
  - perl-compress-raw-zlib=2.101=pl5321h87f3376_2
  - perl-encode=3.16=pl5321hec16e2b_1
  - perl-exporter=5.74=pl5321hd8ed1ab_0
  - perl-exporter-tiny=1.002002=pl5321hdfd78af_0
  - perl-extutils-makemaker=7.64=pl5321hd8ed1ab_0
  - perl-io-compress=2.102=pl5321h87f3376_1
  - perl-io-zlib=1.11=pl5321hdfd78af_0
  - perl-json=4.05=pl5321hdfd78af_0
  - perl-json-xs=2.34=pl5321h9f5acd7_5
  - perl-list-moreutils=0.430=pl5321hdfd78af_0
  - perl-list-moreutils-xs=0.430=pl5321hec16e2b_1
  - perl-parent=0.238=pl5321hd8ed1ab_0
  - perl-pathtools=3.75=pl5321hec16e2b_3
  - perl-scalar-list-utils=1.61=pl5321hec16e2b_1
  - perl-types-serialiser=1.01=pl5321hdfd78af_0
  - pip=22.0.4=pyhd8ed1ab_0
  - pixman=0.40.0=h36c2ea0_0
  - pthread-stubs=0.4=h36c2ea0_1001
  - python=3.9.10=h85951f9_2_cpython
  - python_abi=3.9=2_cp39
  - readline=8.1=h46c0cb4_0
  - samtools=1.15=h1170115_1
  - setuptools=60.10.0=py39hf3d152e_0
  - sqlite=3.37.1=h4ff8645_0
  - srprism=2.4.24=h96824bc_3
  - tbb=2020.2=h4bd325d_4
  - tk=8.6.12=h27826a3_0
  - trf=4.09.1=hec16e2b_2
  - trimmomatic=0.39=hdfd78af_2
  - tzdata=2022a=h191b570_0
  - wheel=0.37.1=pyhd8ed1ab_0
  - xorg-fixesproto=5.0=h7f98852_1002
  - xorg-inputproto=2.3.2=h7f98852_1002
  - xorg-kbproto=1.0.7=h7f98852_1002
  - xorg-libice=1.0.10=h7f98852_0
  - xorg-libsm=1.2.3=hd9c2040_1000
  - xorg-libx11=1.7.2=h7f98852_0
  - xorg-libxau=1.0.9=h7f98852_0
  - xorg-libxdmcp=1.1.3=h7f98852_0
  - xorg-libxext=1.3.4=h7f98852_1
  - xorg-libxfixes=5.0.3=h7f98852_1004
  - xorg-libxi=1.7.10=h7f98852_0
  - xorg-libxrender=0.9.10=h7f98852_1003
  - xorg-libxtst=1.2.3=h7f98852_1002
  - xorg-recordproto=1.14.2=h7f98852_1002
  - xorg-renderproto=0.11.1=h7f98852_1002
  - xorg-xextproto=7.3.0=h7f98852_1002
  - xorg-xproto=7.0.31=h7f98852_1007
  - xz=5.2.5=h516909a_1
  - zlib=1.2.11=h36c2ea0_1013
  - zstd=1.5.2=ha95c52a_0
